[24] (7.56,15.35) 申请人申请过程
[266] (24.06,14.63) 申请部门审核
[270] (26.81,14.61) 签字后审批单
[6] (24.06,14.34) 审批信息自动录入过程
[161] (26.81,14.31) 附件上传过程
[76] (29.79,14.25) 复制
[267] (24.06,14.17) 资料室负责人审批
[156] (24.06,14.16) 审批信息
[271] (26.81,14.15) 资料照片
[166] (26.81,14.13) 附件信息
[264] (20.72,14.12) 领用方式
[173] (9.36,14.08) 申请单号
[197] (17.14,14.07) 领用方式
[182] (29.79,14.07) 资料子项复制记录表-增加记录
[136] (20.75,13.76) 资料室管理员强制作废
[268] (24.06,13.75) 生产科负责人审批
[174] (9.36,13.75) 申请部门
[36] (17.15,13.71) 提交申请
[141] (20.72,13.71) 作废同步
[265] (20.72,13.68) 提档
[198] (17.14,13.67) 提档
[66] (17.15,13.57) 提交同步
[194] (29.79,13.46) 复制
[175] (9.36,13.42) 申请人
[4] (1.75,13.41) 办结过程
[269] (24.06,13.33) 生产副院长审批
[263] (20.72,13.15) 资料子项提档预订登记表-注销记录 库内硬盘征用登记表-注销记录
[176] (9.36,13.08) 申请日期
[196] (17.14,12.99) 资料子项提档预订登记表-检核、登记 库内硬盘征用登记表-检核、登记
[193] (29.79,12.94) 领用方式
[177] (9.36,12.75) 原由
[195] (29.79,12.42) 提档
[183] (9.36,12.41) 证明材料
[273] (12.40,12.41) 扫描件
[11] (20.75,12.27) 强制作废过程
[61] (29.91,12.23) 模拟介质办结同步
[256] (7.20,11.96) 本部门
[258] (8.14,11.96) 内部
[186] (9.36,11.96) 去向
[259] (10.43,11.96) 外部
[257] (11.22,11.96) 单位
[51] (9.36,11.84) 基本信息
[16] (17.16,11.45) 申请人提交过程
[192] (29.95,11.45) 资料子项提档记录表-增加记录
[260] (9.36,11.35) 自留不还涉密资料处置要求
[261] (11.22,11.35) 自销
[146] (17.26,11.25) 打印申请
[200] (29.79,10.97) 资料子项提档预订登记表-注销记录
[71] (29.79,10.93) 提档
[212] (20.72,10.77) 领用方式
[184] (9.36,10.74) 预计归还日期
[26] (9.36,10.53) 申请单信息
[199] (29.95,10.47) 更新库存数量
[96] (20.75,10.42) 预期未办强制作废（提醒）
[101] (20.72,10.36) 作废同步
[213] (20.72,10.34) 提档
[179] (29.95,10.02) 档案盒处置
[211] (20.72,9.80) 资料子项提档预订登记表-注销记录 库内硬盘征用登记表-注销记录
[29] (1.30,9.29) 申请单信息
[209] (17.16,9.18) 领用方式
[1] (29.89,8.96) 办结过程
[86] (17.21,8.83) 撤回申请
[91] (17.21,8.77) 撤回同步
[210] (17.16,8.75) 提档
[19] (1.63,8.47) 申请人提交过程
[208] (17.16,8.33) 资料子项提档预订登记表-注销记录 库内硬盘征用登记表-注销记录
[21] (7.82,7.97) 申请人申请过程
[171] (9.85,7.87) 年度
[215] (29.96,7.69) 资料子项拷贝记录表-增加记录
[46] (9.36,7.65) 项目信息
[116] (29.91,7.61) 拷贝
[172] (9.85,7.47) 项目
[274] (29.96,7.23) 空白硬盘库同步更新
[178] (9.73,7.07) 资料名称、内容描述
[14] (1.56,6.93) 强制作废过程
[218] (29.91,6.57) 拷贝
[109] (1.61,6.44) 电子介质办结同步
[191] (9.36,6.30) 资料介质类型
[217] (29.91,6.05) 领用方式
[64] (1.61,5.93) 模拟介质办结同步
[207] (7.84,5.91) 电子介质
[190] (11.39,5.90) 模拟介质
[54] (1.18,5.72) 基本信息
[106] (29.87,5.60) 电子介质办结同步
[219] (29.91,5.53) 提档
[216] (30.14,4.56) 资料子项提档记录表-增加记录
[201] (7.02,4.46) 资料名称
[180] (12.68,4.44) 资料名称
[202] (7.12,4.13) 资料子项名称
[81] (7.10,4.12) 具体资料
[181] (12.68,4.10) 资料子项名称
[56] (12.65,4.09) 具体资料
[221] (29.91,4.08) 资料子项提档预订登记表-注销记录
[111] (29.91,4.04) 提档
[228] (3.34,3.95) 是否登记
[231] (4.27,3.95) 是
[126] (5.41,3.95) 自备空盘编号数组
[234] (2.35,3.95) 否
[131] (1.15,3.95) 自备空盘序列号数组
[232] (1.06,3.91) 硬盘序列号
[206] (7.01,3.79) 数据量
[230] (5.27,3.78) 硬盘编号
[189] (12.66,3.77) 资料子项份数
[250] (10.51,3.73) 否
[252] (14.68,3.73) 否
[41] (12.65,3.70) 模拟介质
[244] (9.15,3.67) 否
[233] (1.06,3.64) 硬盘容量
[44] (0.73,3.59) 模拟介质
[220] (30.14,3.58) 更新库存数量
[203] (7.01,3.42) 密级
[185] (12.66,3.39) 密级
[229] (3.34,3.39) 自备空盘
[251] (10.51,3.27) 否
[253] (14.68,3.27) 否
[246] (9.15,3.24) 否
[214] (30.14,3.13) 介质盒处置
[39] (1.50,3.00) 提交申请
[99] (1.45,2.99) 预期未办强制作废（提醒）
[139] (1.45,2.99) 资料室管理员强制作废
[89] (1.47,2.99) 撤回申请
[224] (3.34,2.83) 介质来源
[225] (4.19,2.83) 硬盘
[222] (5.05,2.83) 介质类型
[223] (6.02,2.83) 拷贝
[204] (7.00,2.83) 领用方式
[235] (8.08,2.83) 提档
[205] (9.15,2.83) 是否归还
[248] (10.51,2.83) 是否归还
[249] (11.58,2.83) 复制
[187] (12.65,2.83) 领用方式
[237] (13.67,2.83) 提档
[188] (14.68,2.83) 是否归还
[9] (1.08,2.77) 审批信息自动录入过程
[164] (1.08,2.77) 附件上传过程
[239] (5.05,2.38) 光盘
[247] (9.15,2.38) 是
[255] (14.68,2.35) 是
[74] (1.24,2.34) 提档
[114] (1.31,2.34) 提档
[69] (1.38,2.34) 提交同步
[227] (3.34,2.28) 库内空盘
[159] (0.96,2.17) 审批信息
[169] (0.96,2.17) 附件信息
[104] (1.30,2.16) 作废同步
[144] (1.30,2.16) 作废同步
[94] (1.35,2.16) 撤回同步
[238] (5.05,1.91) 光盘
[245] (9.15,1.91) 是
[59] (0.61,1.87) 具体资料
[84] (0.71,1.87) 具体资料
[254] (14.68,1.84) 是
[49] (1.18,1.67) 项目信息
[124] (0.79,1.52) 库内空盘编号数组
[119] (1.11,1.45) 拷贝
[149] (1.37,1.38) 打印申请
[226] (3.46,1.22) 硬盘编号
[121] (3.34,1.17) 库内空盘编号数组
[134] (0.78,1.10) 自备空盘序列号数组
[79] (1.20,0.95) 复制
[129] (0.78,0.83) 自备空盘编号数组
[236] (3.44,0.77) 是否归还
[243] (4.30,0.77) 是
[240] (4.80,0.77) 是
[242] (2.49,0.77) 否
[241] (1.88,0.77) 否
